4102
6713
3158
951
6547
6052
4201
2877
4454
3065
2908
4159
723
2528
4688
2054
1905
2709
2316
2140
1208
2436
3083
1991
6552
6041
4143
3240
1650
3675
1944
3635
2570
3624
6936
6712
4783
5296
1932
5789
478
804
3773
2940
101
4698
1429
6296
2986
5687
6363
3807
4244
1708
135
2150
2103
862
1957
1294
6604
7044
2407
133
6168
143
1079
5304
6889
7061
2462
610
6989
5731
4912
6387
5419
3865
1460
5261
2805
4422
5854
5164
7035
4748
6635
629
3830
2994
2964
3378
4077
2905
6305
3439
2896
3670
254
6043
5148
2168
2006
450
4765
1763
4845
2464
1218
4515
1481
4070
370
974
4380
710
2771
4390
1716
149
1114
5482
6109
1744
287
4362
3204
3788
4708
5952
1089
952
4600
6590
4781
3605
4974
3916
303
667
3068
1676
469
1912
5726
3645
4877
4935
449
5564
3277
5555
6765
5807
3975
4796
2406
743
661
4952
3339
1897
1673
5032
3359
4771
7006
2325
140
6339
2800
3344
3722
5010
2149
7021
4592
5847
4714
1691
2323
2079
5720
1321
4816
1537
1549
4036
6475
6935
6090
4584
2726
1232
4086
2202
4009
5322
5621
4163
3435
3917
4682
6096
6816
1574
2457
5782
1288
1803
6206
2928
1003
608
3201
1935
4800
1890
5770
66
6114
6245
1915
3915
4460
189
2667
2059
6723
6932
885
4898
3440
2148
3170
2882
1724
834
5630
6564
1712
5394
8
3229
3538
3939
5269
87
5643
1012
647
2816
6808
557
988
2089
4693
38
4172
5460
6553
4189
731
1702
3462
2597
5712
3351
5942
2640
6223
5533
923
1941
4283
175
2244
4149
2681
5252
2293
2579
1400
2763
5638
3611
152
6023
4351
3655
2367
3803
3494
3034
5573
6264
7088
934
6818
167
198
6614
5762
426
1459
1255
5041
3059
4731
1765
2474
5521
6349
3461
2790
6540
1834
4161
7022
4347
594
2933
2090
5895
441
6695
5247
312
6901
3190
1018
1788
2903
3844
4578
3604
4442
4041
81
1990
771
3867
6379
1791
5375
7065
573
4924
3133
4175
3973
6832
1535
1654
90
150
4055
4967
204
1504
3530
6743
1344
970
6028
6522
452
1735
1578
964
2837
4707
526
2904
3825
1361
7064
6527
817
5039
5945
4527
5274
4762
2333
5709
720
6048
1928
5899
4176
5426
1368
1826
1886
3423
4577
1489
3412
6290
5830
1548
5492
2200
2596
2937
6297
806
2296
5479
1222
3224
6620
5926
3637
3175
5922
4268
1059
786
6253
1874
6304
4417
5073
6016
5869
4418
5486
3069
5578
5334
5698
5286
4218
5665
2372
6398
284
545
1155
4675
658
6917
3101
706
2549
583
5570
2326
6854
2569
494
2099
1178
2171
5765
3981
4985
699
6364
1805
6666
1323
3372
6782
361
6443
1836
6197
4719
220
4287
199
4211
3497
3159
3193
3526
3945
4015
5841
4237
976
5292
6757
4033
251
6439
4568
5536
1814
5412
1350
3928
6753
1432
4815
4291
1501
52
3417
6208
3772
7080
2725
6791
5722
1797
3949
1517
3029
4678
1333
4691
3529
3686
4148
3398
5024
4052
1151
3648
1882
3380
4809
2359
543
3520
6452
1077
6122
6729
39
3333
6148
6422
4023
2466
2857
2919
3631
3783
887
6696
2543
698
2269
1775
1982
172
2772
6970
2023
6599
4451
5345
3281
6755
4996
6186
6848
672
5379
5150
4016
4601
5459
6656
2209
2766
547
5826
1109
5487
424
5671
2836
776
4615
851
4367
1972
1145
2503
2611
94
3061
5440
1590
3143
5033
60
939
2696
5981
3019
7077
3248
3164
2731
957
3501
2522
4817
4061
4565
1976
1449
4814
5815
1004
4779
6937
2749
1988
1526
5970
6909
4003
2175
4892
3142
5806
4415
6665
6170
6108
5190
4594
318
1933
5595
5919
6804
1497
4852
3012
2327
1469
1849
6771
6155
1777
6784
6001
4121
1177
2473
827
6080
5976
3961
162
2890
633
316
4234
6492
664
4125
79
646
5383
3120
1582
775
62
4984
4280
2644
5609
5814
6958
770
97
3178
5763
1770
328
6094
5923
3400
6143
3027
2246
4646
6966
5990
1614
3076
1678
1750
5610
2652
1330
2259
5249
1240
1029
676
6569
3139
5969
1431
4462
3665
4794
4531
5000
1094
1589
3155
5629
5543
7020
2757
5704
6805
882
4306
4129
440
6761
1793
502
7082
6596
5751
5860
2672
1169
2047
5891
507
3879
715
6082
13
1703
5849
4927
1128
5583
1210
5589
3715
6739
5130
3609
109
305
5291
4361
7049
6455
5207
4151
4021
4619
1055
488
1377
6778
1413
3316
1039
2705
3377
6154
2809
2982
3460
1022
4819
1352
1024
2617
3234
5917
3037
2336
2552
3753
5301
282
4134
5842
3197
5400
1835
5846
4734
2303
3796
2022
1715
4038
6430
1106
5740
3188
5978
6654
3522
5374
2092
4679
4755
3883
6371
3976
3787
3371
5230
342
1136
3392
356
1235
6704
2234
5905
6045
2513
569
2637
5157
5649
651
229
2469
772
4364
4113
6629
2787
3130
4164
6637
2057
616
1035
1101
4802
5999
654
2284
6999
5715
5700
5072
20
4296
5174
6006
3714
438
1045
2854
2424
6931
3465
1081
5430
5738
4775
5131
2996
2843
5901
2555
4856
4995
5234
2017
4867
6967
2993
5172
1993
588
1553
6858
5231
2351
7078
4576
5350
5022
5827
2881
881
1470
1920
4556
6036
5835
5331
5637
3338
4618
5406
4653
5444
276
3911
6129
6159
3558
4456
4170
5925
5515
5531
4957
1231
4006
6317
5254
3433
2743
2420
5377
4206
5359
2512
4873
1699
5346
2715
2116
3052
5353
5940
1234
5227
1266
6467
4090
2012
1115
4221
4644
5427
4410
6316
4651
7046
962
6519
1233
7079
544
1613
2708
5165
5320
6878
4485
4989
3416
1856
949
1857
500
71
6004
6857
6684
6687
197
3227
5569
6132
2459
1005
963
6524
4210
2086
6622
259
7055
4501
3845
1621
6893
3005
4144
2095
1514
691
4103
1204
243
6694
1606
5600
2172
6370
4346
6285
4474
6047
4473
4535
217
4840
1970
2609
2657
3941
642
4857
1681
2467
5832
321
4215
417
582
1530
3680
1386
3225
501
6706
4786
1135
6640
2814
6293
45
623
6473
2970
4389
3920
5051
4599
3470
3134
2137
3020
6252
5546
3429
4085
1457
7050
291
2527
3781
1903
2115
5586
6221
4432
2984
4266
445
4560
3679
2532
4449
1506
3231
3687
6513
662
2197
4825
35
2497
1781
3725
4136
5968
6844
3196
7068
6942
2286
5513
289
1730
936
4859
1219
5953
218
5524
2501
6751
5820
6229
6841
341
1116
3592
4475
3643
3467
1596
2206
2177
5505
2684
4804
2213
1922
5516
4918
2735
3499
377
5795
3978
6476
4433
3354
2489
4203
3619
2728
2477
1298
1883
6918
3451
3191
5916
489
3332
4933
4199
6603
4459
3864
999
1642
4452
2164
373
5582
4171
596
2739
3909
937
1267
6701
1779
603
4920
4747
3361
1652
1220
4977
2397
6969
4458
2992
521
5167
4648
927
6955
2182
2183
2768
5042
348
6579
3857
434
6734
2633
5676
5599
497
2870
4214
3764
4054
164
4243
7036
6161
3313
1268
4450
6890
5728
4879
6532
6312
2210
3097
2560
137
781
5471
6164
1051
5605
3036
4065
6176
2215
3121
5405
6065
6693
3640
6062
1443
6793
5442
2524
5560
1655
355
4643
5931
1693
5809
3929
2732
3599
2975
1224
5593
6332
7023
5733
3774
6749
1408
2100
5438
6600
3797
3081
4494
656
6202
5800
249
5683
56
2887
3836
380
5606
3233
2758
1302
3990
1533
6053
1423
744
3319
6964
442
5831
2710
4854
1531
3870
351
2840
1573
4484
2525
5823
5608
1422
250
346
1811
5108
3013
6454
2586
1096
2331
956
870
1130
2730
6286
3630
225
3798
3477
864
5518
6777
2478
641
3792
3113
5333
6830
5797
3528
5485
6088
4132
6979
1615
6040
4412
208
3902
1653
1927
6120
5166
428
3266
1166
1037
2005
6591
3092
574
628
2746
733
1410
3115
5358
1412
439
5484
730
4011
1649
4715
947
6670
1199
4841
2456
6438
6947
4252
7012
258
2276
3346
5237
319
4330
2889
975
178
5428
3846
2875
1707
6721
2133
4031
2066
121
3384
2233
2635
6418
6616
6218
2235
3108
3256
6912
387
6714
2447
5121
2427
2205
437
3041
4079
6123
3452
3356
6718
4257
3328
23
6302
4874
2065
5561
1442
5149
1808
3275
4035
127
3151
3908
1399
3369
5714
1762
6542
1665
2429
2902
4147
2408
6539
4544
393
2558
3574
112
3579
4836
4104
5263
3311
5117
5933
4356
3880
2346
5208
4973
2385
4595
5861
3424
1328
620
1974
561
4246
655
311
3219
6625
1417
1105
4022
146
4726
2470
593
5260
4489
6115
201
2121
3952
2913
7008
1628
4885
5324
3854
2883
1499
2784
412
5308
2791
5054
1753
6895
6118
5749
2414
5956
5778
5716
1172
6823
6330
2583
3395
1947
2506
300
4277
4776
6759
4921
1124
3024
3479
5882
4341
955
6150
1644
614
6238
5469
4053
5380
3341
5971
4232
3734
1898
2132
6072
17
4081
5507
1227
4790
4666
509
3310
1374
4546
5097
2413
3726
1271
6079
2967
512
2722
1925
4056
5420
6992
984
1067
3362
326
5378
2518
4871
3468
4204
2530
492
2745
3169
414
2654
396
6179
3628
5049
537
5294
6465
1182
2838
5632
2621
5982
1073
2435
1347
940
1184
3090
1108
833
6720
5052
6996
3442
4137
2844
2322
6319
6226
5229
6915
4276
4834
477
2796
4754
2499
7086
5463
3047
4254
1448
6667
5449
4853
2727
3296
176
1331
3194
6311
6988
144
4239
2849
1407
6997
446
1394
4481
6853
6772
4636
556
6583
2717
4405
3539
1195
3986
3428
1622
524
2590
5975
5898
5523
4124
3732
2375
2158
4591
1820
1581
3784
5702
1329
4665
2162
5791
4426
3873
50
2155
2565
2874
3406
1353
2421
2956
1995
663
1483
1937
3512
1827
6081
2091
6632
4928
1202
2575
495
6231
3053
1026
3919
1270
600
4808
4271
1485
2321
1127
4518
1205
4366
3968
5651
6949
1887
2835
4740
2419
5025
5909
3933
825
7002
1906
630
4621
3257
6572
6277
1406
6262
3535
1728
3802
5550
6646
6050
1870
2636
2458
1467
5591
5251
114
5817
4971
1281
3563
5197
2855
929
5549
5792
6026
1269
1630
1962
840
5273
4500
3889
6142
6104
2349
1738
1950
4177
2769
2929
2751
3608
2821
3950
3262
2363
6494
3001
5871
6837
6744
4025
4344
6974
4319
6377
2268
5730
3704
147
3405
485
2932
571
6340
6587
5672
6291
3551
2110
270
1519
884
1454
3355
5476
4986
4910
2620
1585
4733
6671
2648
6952
4298
2135
2043
1562
3475
4308
2075
4251
3997
5091
2697
1498
3413
1733
2508
1945
4657
5951
4799
4869
1342
6606
6338
2979
2241
406
4696
2124
4913
2254
4624
821
6477
1049
2923
490
4443
5281
5106
7066
3419
5416
1102
5527
2724
5973
6362
3861
2656
838
6214
6172
3623
3562
5656
6448
2938
5816
3472
1895
2818
271
3464
4680
4982
6902
3096
3284
3297
5170
1484
3162
748
4774
1780
5093
6276
48
2850
5225
6393
6415
1283
3321
6066
2087
4359
6406
1191
6722
1390
3171
5185
3302
1729
4773
2935
3383
1292
1140
6634
4551
5064
5520
2962
653
5719
5824
1129
4223
4650
5046
4169
5371
1285
153
2977
3152
3516
2585
6689
4758
1486
6787
6914
519
5602
3148
5910
1717
2736
325
4718
2165
3045
44
1946
3030
5724
4641
11
3951
1931
4098
2539
4922
1558
1767
1215
3613
5026
4627
987
1784
4118
2918
3733
2393
1167
3571
1638
2591
4238
5168
4711
338
701
6944
322
1938
5506
3738
2455
4395
404
394
1824
2045
6369
1183
2353
5392
1402
3855
4686
5590
3353
5615
1604
6737
2603
3833
1019
1718
2629
5494
1244
3872
3971
2216
2624
1050
6078
1133
3127
4662
5173
865
6891
6336
5742
2203
4095
3198
6719
2538
2806
3606
6417
4109
2034
3260
4690
6882
3678
4440
1137
4202
1731
3594
375
6993
4848
925
73
5686
1909
3634
6146
1461
2120
3625
3876
1986
1464
1320
2716
2714
5876
1977
1816
5119
4737
6385
1226
2082
2180
2105
1126
2338
3206
2526
832
5050
2867
2020
3031
1624
6707
5411
2907
4307
5866
1616
3360
1480
6951
5776
734
1440
117
2959
2428
4116
2669
182
2277
4377
4249
241
3894
4889
5196
1766
1409
6860
245
3998
6450
3165
3131
1899
7016
5036
4058
2189
930
1632
107
681
5675
2461
1677
3899
5062
5364
1907
2830
5337
3397
5343
296
1336
5447
203
4434
6626
4722
1686
4421
5178
5103
6055
5526
2509
2443
2227
625
3800
7030
4729
5955
6581
6307
2517
1438
979
444
2049
7058
4962
239
4087
2207
4541
5657
3228
3222
3163
2978
5045
2494
3432
3026
4491
2211
5029
2678
2236
6727
3614
2062
1858
1236
3962
378
714
5023
6926
6018
1844
1465
5768
1146
2842
6728
1921
3172
4739
1075
4723
1076
3824
3748
5805
6859
5585
1326
337
1948
5355
1190
6121
4404
6201
2219
1401
1425
1891
4476
5644
3480
6716
1111
875
2229
6144
6106
2190
6395
1964
234
6980
1033
4965
1790
5366
3677
4882
6919
6054
4488
2808
4716
5619
6825
6669
5764
2941
6760
6024
5988
3263
4730
2958
696
2754
7073
5633
1593
5794
660
3282
6631
2934
1721
2289
106
6474
2954
1900
5745
5682
6688
7039
5319
2554
1610
3144
4788
4631
336
5078
425
1383
3519
6812
5902
601
5664
3202
5743
6152
2971
6278
2463
2318
5897
5313
3681
2073
749
4940
983
6686
6471
3242
1696
1648
6676
181
3488
2628
6400
4504
1272
1068
3818
2755
2113
3230
745
5946
2440
1603
2417
709
3886
3582
5538
3064
3112
4353
1532
4661
5850
638
613
3970
2799
2218
3576
3326
4396
1812
6803
622
518
6037
4638
4385
5804
6877
2886
3444
1575
5143
3895
1074
1016
1908
1207
6269
294
5158
4263
4610
4865
5880
5259
2704
2292
869
3649
2797
7005
1792
2884
669
2468
4309
3179
1047
5660
1884
5514
5979
6570
2627
2676
2741
2312
6814
5761
6985
4603
3656
3187
277
523
4295
2753
1297
5132
2453
7000
3264
950
6709
6838
4593
5833
823
5305
1095
4342
2860
2792
2250
6505
6216
5775
640
4323
2161
3476
2232
1605
242
863
136
5739
4153
6113
369
6086
1661
2174
2939
1315
6347
795
1825
4466
6575
2876
4374
3066
6905
1041
4979
1357
1264
6169
4523
1277
1714
2287
980
578
789
1847
4897
6576
3777
5986
4026
40
6896
2482
1117
5766
3390
2404
797
6254
2738
1823
4191
4046
4446
4552
6636
4299
4336
3160
816
794
327
768
6095
5253
2208
6939
5243
2015
2834
4835
475
3300
5163
536
7054
4613
61
6582
4797
673
3561
6497
1138
3667
1664
353
631
3693
3174
54
2264
2960
1496
2374
5993
1759
1125
339
3238
828
1148
4725
1684
687
4647
1196
99
902
2720
6990
4607
3200
3407
6641
1450
2315
3754
4717
5255
2953
7015
1020
3834
3626
2061
1570
1225
1679
5386
4324
852
6529
4586
2916
665
221
4255
3622
4886
6598
626
5372
635
5128
1959
3904
5852
6487
6943
1871
5120
1698
1144
1034
2053
6300
2991
2432
1119
6038
1494
914
2279
1426
3441
4472
3128
2486
6828
5182
2925
4233
5220
5962
5607
1237
5915
3987
6560
3217
2153
5056
1572
6380
1193
5298
6035
3050
3804
5145
1262
3600
810
5206
1647
7071
5680
43
6283
84
3771
6934
6174
4173
7047
5604
207
5618
7053
5090
3536
6833
5151
4146
5601
3966
2879
1557
5746
5598
6215
5669
4705
4908
5920
1985
6651
4302
3080
3237
4212
6258
3735
3336
7057
4684
2011
2948
6426
2950
6464
650
4530
913
6789
1551
566
5424
5184
4457
7087
4539
2985
4135
2606
6924
3016
5678
4878
3147
2000
2878
6750
6410
2025
4569
1789
6279
5540
7007
5338
6799
1611
6758
3708
3553
5503
1873
2557
3132
3896
6413
5321
3073
5612
3988
992
6899
138
2863
6267
295
4216
4571
1807
160
4229
2013
5808
5213
529
2480
2634
5436
3110
2311
3207
118
6624
6607
5648
238
4008
5070
6386
5341
401
579
5838
1305
186
4091
3598
3103
6204
4681
5535
4981
4549
6994
5141
4076
2187
209
3907
2320
6425
1739
1936
3853
3717
6649
3658
5548
6609
5911
4259
5381
3063
3728
3537
6611
6835
2253
2779
3709
5754
6984
6509
3778
6138
5030
7033
6756
3244
788
1170
4419
558
6573
1296
2604
4064
2341
2594
5913
1318
5171
169
202
4727
18
1822
7074
1031
4950
5201
2223
6699
5007
1299
1087
5083
5349
3801
6042
5812
3946
4968
483
6057
841
2265
5335
1536
2237
4994
5684
4326
5667
4899
1303
3712
6566
4420
6068
527
6135
3325
3944
6661
5579
4915
6698
1213
5109
2299
1851
1455
6102
3168
6528
2381
4235
586
4128
1953
4900
1509
5238
1758
457
6920
2927
6745
3236
5696
2491
2354
119
1561
2674
1799
6341
5228
2536
86
6595
1252
4887
4284
3483
2214
226
2664
6421
6916
6051
433
7037
3306
3431
1743
464
3140
1364
6568
212
4660
6419
1424
2488
2003
3831
1384
3641
3829
4039
5747
196
6991
860
6374
5133
3720
481
262
1564
4290
3292
5342
5429
5948
4881
429
4587
5501
5977
1372
2783
1815
2707
1862
4966
4381
4823
2018
6733
447
6027
4365
6940
6499
5327
2888
2662
686
5673
6117
1339
6198
5748
180
3750
6266
6817
6567
6565
2128
4167
1875
5735
5295
3008
3697
2485
920
6683
657
978
3514
463
1980
3388
6907
2425
1672
6191
456
5995
2823
5076
6010
6645
5448
5983
2178
4369
4987
4152
5020
1840
2647
372
5713
736
5014
6746
3058
3730
496
3618
3210
1253
364
4469
607
6533
966
6580
4479
2852
2144
3633
1370
108
4745
4289
1554
531
3352
6429
76
2007
2942
6359
6153
5921
4664
4069
3495
597
2004
435
4492
1121
6116
6768
313
757
1009
3837
5796
1669
2317
5268
6662
683
2117
6137
3340
1150
5500
6650
4526
6412
3521
5204
2388
3835
4559
1660
2957
5124
528
6103
6617
1038
3146
4247
1662
5153
5352
1104
3960
4013
2683
4409
2188
6165
3718
4654
2008
1452
5652
3492
216
3039
4561
5028
6034
5888
5565
6067
4250
5557
6957
2248
2143
1599
2483
844
592
6653
1472
2134
5088
3105
5886
3570
532
3085
4895
6523
3642
4969
3659
4703
4674
1565
5214
4659
4632
2559
1380
5959
5510
6243
3135
3290
7038
402
5890
2356
5195
3682
4097
6188
4812
2337
2330
6255
5096
5929
4810
6306
6774
6736
1475
3028
5760
3587
3698
1209
4316
2072
1612
5115
4851
6555
2035
389
392
5552
5275
82
2778
6871
278
2492
5758
6925
965
1881
2081
2074
3724
4467
1911
721
3761
893
3183
3703
3644
4700
549
4575
6563
4961
3286
4048
7060
858
3035
6112
3564
2582
3903
4465
4168
960
6273
5734
5328
384
2762
4658
6287
6441
6259
1247
1868
5859
7089
3557
5772
4425
3082
986
4524
3532
1192
4196
6147
3743
122
6868
6831
6233
4676
3942
3391
1996
360
5851
6866
1534
995
3511
4883
1365
458
3546
2690
6623
1258
1600
1317
1
872
465
6836
6850
3816
6301
4111
466
468
3994
6003
1975
6865
4803
1666
5695
1428
2361
1992
5140
2247
4695
3022
2181
6495
5813
2545
6887
2123
861
1062
6282
5111
888
2675
4423
2618
5811
5360
742
2170
5784
2094
6873
1341
1290
1044
847
6222
1848
2364
1893
4447
476
3298
2173
7027
4207
51
6642
2191
6514
5293
6795
1072
3349
2612
1520
5963
4114
3285
996
3093
4683
4778
5685
5737
2377
14
760
2024
223
4818
3448
173
1134
1764
4386
671
2154
3565
652
572
6012
3329
6298
693
3884
801
5677
4311
4108
128
2573
3079
4262
3888
3249
4925
4256
5060
6742
1414
2196
1092
1737
6008
4228
2853
4529
1994
1348
171
911
3226
4991
3683
4493
7043
4581
5458
4193
195
1273
5466
3453
6930
85
3810
6738
2632
5658
1405
4398
4827
5785
5774
6411
6171
4119
2309
787
3652
1643
6562
2615
168
1683
1860
2777
3691
6525
4313
3744
6360
3315
6162
1761
26
3199
3496
6767
5725
3508
3654
5191
2748
5183
2655
4345
5202
2581
985
3842
1025
5223
5581
728
6659
1967
4583
6973
3060
4770
1981
1174
357
3366
1877
4807
554
619
1998
4478
6352
747
4265
4850
3822
3524
5857
3067
1223
5068
2815
5074
2365
674
4894
4702
877
6885
2811
2578
2701
2313
1118
3806
4972
6063
3487
5105
6049
1143
5622
1631
1491
3363
3021
5408
1746
6675
6776
1476
3569
1466
2334
5478
2846
3925
2868
5587
5690
5626
6548
4838
7075
4983
2439
4049
3235
1382
4564
6458
3674
807
29
4522
5839
345
2369
6130
3269
3149
783
3577
3167
1411
4929
1794
6134
6402
805
5107
104
5467
381
4585
4558
3972
4993
4751
6977
2659
6690
2410
4670
5418
3239
5783
6769
5473
3646
6149
2533
1291
3707
93
480
4782
4068
2009
1529
4332
65
6792
4110
3161
6660
3129
161
2688
2285
6842
1156
5094
1278
3999
6357
4540
3979
5125
410
2345
981
969
177
367
6928
4401
2295
1804
1989
6680
4532
379
4710
211
2794
754
4926
896
6189
493
265
4082
1682
2437
675
2465
627
4073
1319
3215
1963
599
6679
570
6963
1444
1043
2077
3114
6982
1710
6140
4027
5393
5490
4870
3832
685
3471
3293
886
4761
1387
7001
3636
256
6032
5452
3385
796
2220
5949
4626
6834
4062
666
2495
5577
1028
3891
5450
2019
6461
1751
5186
3869
2184
4088
1490
765
4340
2858
5997
3815
5663
2706
6324
2193
3684
6962
2348
334
551
2810
4831
1913
5367
1168
3752
3107
2682
1346
4227
3342
5881
5198
6225
1203
2540
6128
3223
3091
3757
4596
5348
3304
750
4133
5368
2409
5199
6921
5757
4194
6447
4343
3595
4455
968
3542
752
1949
4028
4735
248
2544
2
1445
998
3447
2998
2048
6677
6326
2139
30
6705
6248
3180
3638
1120
2339
3032
6648
679
836
4174
2677
3489
5069
293
5588
5461
6074
4225
1523
6110
857
3838
2622
308
5821
5828
3138
2332
3662
4497
67
1601
314
2423
306
2324
6762
57
2592
4780
711
2910
4917
3368
6101
4310
5136
1670
2826
5082
4553
846
100
4242
5441
3084
5918
3156
1313
5928
1139
4387
5016
5241
6315
340
2273
3858
1158
6013
184
5122
1071
3543
1053
354
163
5843
1161
6608
6740
972
2450
4154
4964
4791
808
4528
5767
3182
5431
6851
2782
3102
5110
7
6809
4197
1058
3958
188
3291
4471
3485
7069
1863
4029
2776
1171
6331
383
5175
2702
427
5413
5697
5354
3459
3192
4205
3057
5222
6007
2824
3062
4508
3589
2101
2915
530
5954
55
498
517
4083
2400
6968
5592
2550
5989
4769
2566
5035
1528
2442
1997
5706
6472
4312
3294
350
2398
6210
4180
1142
3185
632
2601
3759
3251
5927
5884
3763
2500
1689
6731
4687
194
4741
3593
2921
1042
618
5786
3701
6490
5873
2922
78
670
941
1541
3122
5906
4363
5545
6059
3004
3585
4127
639
993
6365
4273
4236
5534
10
5415
5330
5200
4893
4948
5161
4756
6592
2641
1619
2454
1719
809
813
5187
34
4749
285
6251
3473
5771
2496
6933
1355
6588
5446
2069
231
2448
6594
6457
1752
818
3934
6978
4217
1999
5004
5147
5283
659
6536
6470
2430
4384
3737
3055
6446
4480
6092
901
5395
6869
690
2044
2817
3403
1186
6355
4178
6105
5387
5613
1584
7056
5717
907
6388
5750
4590
6408
2373
4868
6518
3348
2599
6840
791
1586
4976
702
3977
6313
6725
263
1545
6437
129
2201
689
1635
2698
1924
2945
5314
842
4014
5002
6292
192
6440
2663
421
2742
2104
2999
5801
1173
190
5236
6995
932
391
5480
2204
7025
3770
2968
6946
3323
1246
3195
3566
5376
1093
4393
4566
513
5936
3713
329
2119
2159
4050
2693
6195
7026
5363
1688
1243
4625
1705
763
1507
4162
3927
1314
6512
3387
3910
2240
4333
6424
1745
1577
1930
2930
2163
46
2426
6239
2021
1685
3991
5423
2108
845
2186
6879
1069
5101
5077
2194
5803
2813
227
4288
2389
1099
4406
1755
2127
3117
3758
997
575
2897
5138
3254
5689
4007
3267
6343
6613
3414
5357
722
5544
6289
4427
298
2343
6796
5154
6498
4293
6788
4195
2699
874
1369
5180
6785
767
5038
1889
758
2829
2785
540
1362
4503
5844
5239
2872
3088
33
6691
4453
6673
5159
3696
740
2851
6093
3959
4639
6382
4963
299
1493
5862
1254
3276
2185
4891
4655
3586
4320
2519
2222
4954
5465
928
75
2593
2476
3272
5472
1327
5081
4602
4941
6872
3935
4032
2402
6929
155
1869
3503
4099
5075
365
6309
6773
4612
4630
4482
5302
6414
5511
5980
621
2567
4155
3099
3493
5755
6228
3510
3657
1351
6496
415
4622
5992
5047
3513
4760
648
4012
4798
511
4667
1194
4502
5272
5537
3436
3727
2221
3924
3849
1540
5562
5309
5943
1287
2242
5627
461
6249
1437
2820
6545
6619
4608
1159
732
2873
6173
5903
2639
5617
873
1363
3544
2765
2901
4282
3768
6839
6700
4990
5176
849
6213
1389
3427
5547
3010
926
1861
717
3719
1216
563
5912
2670
3812
1690
4652
6520
1416
5037
6908
5242
6904
4826
6987
7014
1282
6630
4970
268
5008
3006
3610
3347
1064
2521
3817
3793
3699
3918
2260
637
123
1439
2987
6327
5674
4074
7085
3711
6348
6361
105
15
5834
3860
6294
6432
5271
5
738
371
4902
4063
553
6241
4732
6574
2252
6741
4441
3596
3104
320
4379
1088
5370
5194
1929
5219
5937
3673
3011
1657
2055
5085
179
5098
6423
5965
6612
6798
260
1965
5017
3270
4663
6826
1902
678
7034
2801
982
2631
1542
5574
2546
4407
4914
1023
2869
349
3136
2507
649
2734
3443
2109
4066
2574
31
7019
5498
753
774
2475
3023
6585
6710
3216
3819
2342
812
3550
4906
6883
4505
92
6847
240
1771
3669
5957
4388
3430
6849
5112
6618
6551
2995
219
6541
897
6244
3692
2911
5080
83
6183
3189
1508
2126
185
4093
3859
2300
2595
288
74
4998
2917
989
3049
4939
3875
7059
5290
3042
1113
2931
4017
275
3481
4616
3409
2936
4411
6257
5563
5009
5205
2446
1132
332
3694
2946
6328
2102
473
1773
3627
1969
3221
21
4709
4923
6209
2029
4100
1511
3786
2479
565
550
2272
5289
3007
7048
1165
6064
3653
2733
3218
2037
4956
3856
4728
6407
2131
5620
3517
4192
5280
6459
615
871
4182
542
5703
2548
4392
6322
6815
1760
2460
1736
2571
1123
609
5066
4030
2041
1325
6403
462
4642
5084
688
4511
4165
408
4373
1692
5707
6234
4005
5889
2502
4628
5137
5904
247
5744
3847
3989
5179
3404
762
3466
590
6083
1070
967
1358
472
3456
362
6481
2658
2030
6643
5244
4435
1855
525
376
4903
3893
5950
6000
5266
1675
3967
6310
2481
1749
564
6647
814
3922
3303
6875
3731
5433
737
5829
5512
2261
2577
680
2756
3087
1591
4738
5311
3745
3457
2228
793
883
3420
3418
280
1901
6730
612
141
2288
3921
2680
508
2795
5554
6175
236
5519
3486
2898
5144
2392
1274
1279
4274
1239
4975
3089
4166
6428
2556
1332
2587
5162
1164
4044
1879
785
3033
77
6480
5639
1550
4461
6960
5502
4943
1607
878
2106
3214
912
1854
5287
6119
1379
945
2687
3018
1403
2179
1623
5270
1695
174
3700
47
4699
4988
6493
7040
2357
4837
2665
4322
3506
2775
2243
2542
1704
5723
330
5468
876
4888
5092
264
6167
724
5146
4614
2891
2031
3386
4805
2383
6483
1620
1566
2449
4855
4424
5474
3396
6383
3826
3241
3914
4813
6431
3017
2498
4141
6544
6299
2347
6435
2078
2515
1954
4858
4633
668
2198
6852
3706
6356
5160
2520
4071
2329
2280
6227
953
3827
4671
6261
4909
5262
2541
2535
5347
4138
3111
2689
2553
3785
1552
4978
1187
6141
4789
2433
6554
4018
520
1943
2767
1785
1627
2630
1918
2568
2051
933
4286
6280
5659
6862
1206
32
3575
1312
739
5462
3095
2773
2833
4916
2926
5477
4668
505
5865
4043
257
504
3048
6033
7041
6099
5422
1538
515
1082
2803
6085
2305
4241
3330
1595
3255
5799
4130
4209
5250
2125
2788
6892
1309
5759
72
2307
6091
954
4468
3823
5297
3253
924
6125
3014
1687
3931
6503
3015
5497
4279
880
352
3343
6230
304
1334
16
98
3299
2401
6897
3805
399
2142
1515
430
1617
5571
6781
4051
6160
1955
2445
568
5780
1391
3094
5134
917
170
3334
1056
5006
1421
790
366
4156
5699
6220
6060
5985
2750
1639
4573
1066
3425
5710
3534
2572
1463
5391
3
4720
3690
1580
1495
1458
4352
5135
6652
6260
1356
6674
1843
503
290
2027
4506
4059
6002
222
3584
409
4368
746
1030
866
1786
111
879
6351
1819
2760
1131
4516
3502
5235
1434
1910
695
1939
148
6975
4463
5777
3324
420
2673
1300
3602
991
2866
3560
4955
1340
6097
6884
6158
4557
4321
6511
4833
761
2691
3791
2721
1556
3484
3554
5095
166
3882
3301
5116
3663
2376
6329
1602
279
2169
3314
2063
3365
6281
3258
3716
5930
6015
5845
1002
283
1588
1293
6271
49
1658
4495
6950
1221
1768
6284
3953